2.8260869565217
1.0444444444444
0.9030303030303
1.1190476190476
3.6590909090909
2.8863636363636
2.1777777777778
0.88484848484848
3.4285714285714
1.695652173913
0.93181818181818
0.95121951219512
0.97727272727273
2.2444444444444
1.6585365853659
3.4210526315789
0.93251533742331
1.9166666666667
2.8
1.9512195121951
2
1.6279069767442
1.8837209302326
2.6041666666667
2.3135593220339
2.3076923076923
2.7522935779817
2.2203389830508
3.7666666666667
1.8181818181818
6.1041666666667
4.6590909090909
4.3066666666667
4.9
7.2272727272727
11.075
10.857142857143
11.116279069767
11.488888888889
11.472727272727
10.392156862745
12.909090909091
13.333333333333
15.25
16.837837837838
17.75
17.423076923077
23.44
20.461538461538
21.36
20.193548387097
23.304347826087
25.074074074074
23.703703703704
22.676470588235
19.411764705882
33.913043478261
25.703703703704
36.384615384615
44.363636363636
31.791666666667
45.941176470588
